20718000 281467000 545782000 
53230000 245824000 282077000 
26479000 177369000 369164000 
142655000 212198000 213526000 
24925000 139962000 181491000 
23130000 225842000 224823000 
29000000 151642000 163702000 
20963000 128993000 176586000 
25837000 345582000 166128000 
17430000 123070000 159802000 
16152000 124117000 177793000 
24716000 138840000 150247000 
22513000 142698000 183345000 
20499000 143522000 194390000 
15265000 109109000 139178000 
18405000 131568000 151979000 
17717000 123822000 201042000 
127721000 194854000 172045000 
17305000 122001000 151729000 
17161000 110524000 152400000 
17275000 188525000 169667000 
23544000 172813000 207337000 
24187000 127827000 146653000 
22973000 141123000 135513000 
20723000 143475000 400333000 
33531000 179227000 185766000 
19605000 137918000 165576000 
18968000 147479000 183552000 
15985000 135837000 152617000 
16580000 175066000 188592000 


