1485000 48353000 56198000 
1480000 47021000 69340000 
1477000 55102000 109589000 
2752000 84755000 62620000 
1532000 48398000 61984000 
2514000 57409000 71615000 
1417000 53101000 57909000 
1239000 126692000 93542000 
1476000 54413000 53250000 
1394000 41339000 54751000 
1393000 46267000 61612000 
2174000 50430000 61566000 
1598000 53902000 62359000 
1334000 46621000 60911000 
1425000 45003000 57114000 
1868000 65423000 67539000 
2197000 71106000 98325000 
2480000 72539000 91798000 
2873000 78972000 99218000 
1847000 55619000 81167000 
1267000 55725000 70005000 
1645000 51961000 68524000 
1264000 63754000 70837000 
1247000 50222000 65321000 
1852000 56296000 72340000 
1964000 58820000 70605000 
2062000 47269000 57494000 
1190000 48635000 65751000 
1596000 58509000 74090000 
1197000 57266000 66295000 


