13375000 449965000 537178000 
13252000 391624000 499596000 
13669000 414524000 500322000 
19260000 401637000 497744000 
12970000 441508000 502810000 
13122000 407031000 445261000 
15220000 357466000 428375000 
18331000 346844000 457348000 
10829000 347633000 427601000 
12619000 380043000 453016000 
13952000 384245000 480157000 
12141000 377422000 418932000 
17098000 349879000 421273000 
11772000 357587000 430259000 
15907000 346043000 430178000 
12862000 366142000 430203000 
13822000 323627000 420362000 
10997000 356430000 427977000 
11297000 342414000 419160000 
17572000 335551000 452601000 
18569000 387604000 426975000 
16169000 328836000 418872000 
10965000 339766000 431856000 
14436000 340939000 424818000 
12981000 342175000 415892000 
10831000 339889000 423703000 
14143000 335437000 441486000 
12522000 336356000 408222000 
10582000 351458000 423787000 
9973000 353095000 417008000 


