1432000 4753000 7215000 
1781000 7324000 6361000 
1605000 4706000 6198000 
1533000 5276000 9753000 
2438000 8604000 7128000 
1506000 4978000 6354000 
1504000 5269000 6486000 
1478000 5132000 6284000 
1468000 5423000 6765000 
1397000 5003000 6347000 
1477000 7372000 6234000 
2278000 6830000 9127000 
1658000 5225000 6808000 
1344000 9507000 9429000 
1339000 5244000 7216000 
1357000 5830000 6603000 
1316000 5079000 6924000 
1433000 5053000 7958000 
2130000 5678000 7197000 
1602000 7872000 9000000 
1998000 5949000 8084000 
1351000 5792000 9059000 
1599000 5508000 8989000 
1226000 6270000 7588000 
1217000 5631000 7436000 
1326000 7774000 9020000 
1215000 5502000 7090000 
1199000 5282000 7542000 
1185000 5366000 7108000 
1362000 5160000 8136000 


