23689000 52077000 64531000 
15777000 50020000 70589000 
20732000 65429000 83517000 
34110000 104371000 177861000 
42664000 136722000 605268000 
59148000 289343000 197673000 
127391000 183629000 157525000 
163247000 230227000 172343000 
39281000 259326000 207777000 
42314000 278480000 173596000 
116501000 201294000 310314000 
53647000 151847000 215624000 
89456000 148063000 370982000 
39166000 93878000 120223000 
27396000 101752000 119737000 
36547000 150254000 92148000 
25394000 93949000 123439000 
32573000 78476000 103407000 
20368000 81903000 121594000 
31676000 197699000 235998000 
61744000 256383000 232468000 
37215000 121919000 137569000 
30184000 121604000 195088000 
27725000 83594000 107907000 
25875000 76016000 79864000 
20342000 79416000 122750000 
26805000 67955000 82268000 
18835000 83709000 113370000 
25243000 150594000 136913000 
27368000 116197000 146540000 


