2428000 10583000 12281000 
1562000 10162000 12433000 
1593000 9965000 12142000 
1455000 9511000 12076000 
1436000 9819000 12787000 
1438000 11037000 18442000 
2079000 15835000 14080000 
2409000 14916000 15835000 
1474000 10989000 17103000 
1461000 10244000 13442000 
1521000 10253000 12843000 
1436000 10847000 15825000 
1369000 9686000 12628000 
1343000 10307000 13443000 
1336000 10106000 13042000 
1361000 10583000 12835000 
1391000 10300000 13540000 
1297000 10592000 14461000 
1290000 11425000 15638000 
1374000 10427000 20330000 
1956000 11045000 14318000 
2030000 17143000 15253000 
2139000 11955000 14747000 
1274000 13099000 15867000 
1230000 10965000 13196000 
1234000 9688000 14066000 
1213000 10810000 13846000 
1419000 11689000 14549000 
1264000 11060000 15262000 
1876000 10953000 14464000 


