21409000 30513000 38581000 
21654000 29472000 40851000 
20157000 32645000 45628000 
24180000 26939000 41956000 
15570000 24955000 36597000 
22158000 31955000 129261000 
52147000 68487000 41723000 
24236000 31884000 40930000 
23873000 28977000 39803000 
16662000 27157000 38313000 
22072000 33945000 40925000 
16799000 36732000 41565000 
21659000 38039000 34436000 
15860000 27495000 35798000 
22395000 25155000 32889000 
15015000 24543000 30648000 
19694000 25849000 33063000 
19355000 33775000 38285000 
16206000 36242000 43169000 
16774000 27599000 31855000 
18975000 27613000 36308000 
16341000 25972000 32323000 
16544000 26715000 33405000 
15661000 26020000 36151000 
15853000 24574000 36781000 
15878000 26437000 33077000 
15356000 25305000 37366000 
20474000 50387000 84581000 
18428000 33012000 32359000 
16123000 27277000 39917000 


