1526000 20320000 28850000 
1749000 23772000 24782000 
1475000 24186000 25262000 
1465000 24575000 31989000 
2431000 21181000 24673000 
1456000 20261000 28274000 
1426000 22395000 33983000 
1427000 21282000 26626000 
1504000 19566000 26157000 
2411000 22822000 32605000 
1673000 22977000 32743000 
1954000 34293000 32915000 
1530000 23292000 33186000 
1675000 22893000 37955000 
5981000 31178000 27585000 
1321000 21481000 28274000 
1531000 21554000 28497000 
1318000 22405000 30518000 
2130000 27093000 38046000 
1847000 32645000 41589000 
1358000 22851000 35077000 
1489000 31362000 39748000 
2023000 29263000 46320000 
2283000 35264000 37743000 
1416000 22637000 52972000 
2033000 39578000 49785000 
1287000 24838000 41366000 
1217000 28623000 42460000 
1117000 28294000 35552000 
1176000 25918000 48786000 


