18975000 252248000 297332000 
17786000 228089000 300631000 
21638000 294054000 413383000 
18834000 252706000 284854000 
16943000 225478000 283907000 
16827000 241906000 418281000 
19924000 385760000 455977000 
39210000 295612000 456113000 
24247000 357095000 401692000 
23255000 332210000 376196000 
22263000 339077000 415895000 
23970000 302313000 410549000 
20878000 315863000 426727000 
23514000 316193000 417573000 
27893000 371461000 440702000 
21244000 471999000 507722000 
27441000 404382000 533476000 
26382000 317979000 458544000 
34956000 504500000 668894000 
29960000 464647000 436467000 
103247000 584510000 1414769000 
33218000 902268000 1284778000 
27562000 426413000 482106000 
25436000 423221000 564284000 
32157000 519794000 427836000 
25067000 254981000 342248000 
23491000 364522000 1164836000 
25903000 662598000 408654000 
19421000 301403000 302372000 
17715000 201791000 250818000 


