2417000 2615000 4289000 
5550000 4413000 6813000 
1589000 2605000 3282000 
1798000 2700000 3262000 
1474000 2478000 3291000 
1507000 2613000 3344000 
1497000 2512000 3148000 
1500000 2658000 3579000 
1492000 2551000 3142000 
1467000 2546000 3125000 
1444000 2407000 3142000 
1365000 2835000 3262000 
1376000 2501000 4094000 
1360000 2564000 3294000 
1349000 2470000 3177000 
1330000 2592000 3713000 
1318000 2461000 3093000 
1304000 2421000 3397000 
1588000 3299000 4162000 
1689000 2774000 3223000 
2087000 4149000 4788000 
1980000 4334000 3651000 
1245000 2529000 3382000 
1273000 2457000 4345000 
2064000 4622000 4605000 
1314000 2518000 3859000 
1449000 2558000 3534000 
1229000 2603000 3495000 
1121000 2411000 3152000 
1122000 2368000 3620000 


