8404000 69615000 92944000 
11744000 70498000 77831000 
7920000 60382000 80875000 
7341000 56693000 78411000 
7363000 62281000 87663000 
8344000 60137000 74591000 
7570000 67270000 89878000 
7281000 55961000 78047000 
7801000 60320000 83586000 
8803000 77071000 114680000 
10234000 70122000 80150000 
7507000 59512000 100001000 
12244000 65631000 90166000 
8995000 60758000 79426000 
8064000 59101000 81710000 
9121000 60348000 81371000 
7829000 65067000 84933000 
8030000 60495000 94339000 
8866000 57063000 83987000 
10708000 61566000 79604000 
8242000 58596000 95472000 
8751000 71987000 86954000 
8332000 74323000 102923000 
7753000 60525000 81740000 
8164000 58558000 89324000 
7781000 60649000 83257000 
7861000 66656000 77795000 
8710000 70698000 87267000 
8339000 68484000 77233000 
7459000 54647000 73258000 


