1255000 7591000 13454000 
921000 6272000 8620000 
856000 6600000 8989000 
809000 10259000 9480000 
833000 6664000 8979000 
895000 7667000 12204000 
1404000 8910000 10059000 
885000 7049000 8883000 
813000 7428000 13011000 
871000 7412000 9014000 
800000 6659000 10475000 
1263000 8895000 8886000 
813000 6643000 8917000 
823000 7626000 14482000 
814000 6720000 8605000 
745000 6764000 9253000 
1230000 10616000 9872000 
761000 7100000 11370000 
799000 10414000 12340000 
826000 7514000 10139000 
815000 7394000 15853000 
807000 12253000 11186000 
837000 11799000 12977000 
873000 8391000 12890000 
1345000 12908000 11479000 
766000 7731000 12020000 
1091000 9162000 9354000 
676000 7075000 10083000 
1199000 9483000 9478000 
694000 7131000 10063000 


