1644000 492323000 630259000 
835000 489443000 583121000 
923000 414339000 546281000 
850000 481898000 556590000 
863000 412015000 582733000 
691000 422973000 543323000 
669000 405929000 521753000 
756000 410966000 555132000 
881000 414520000 547555000 
742000 405123000 551134000 
641000 439469000 541966000 
666000 426374000 556565000 
719000 422018000 531477000 
642000 412438000 572165000 
626000 442302000 573300000 
670000 422882000 571332000 
596000 438263000 556547000 
830000 430723000 590021000 
703000 427146000 590773000 
644000 421019000 562918000 
718000 447069000 593439000 
705000 424616000 585324000 
716000 436874000 570355000 
700000 433080000 597013000 
757000 411932000 560176000 
567000 457323000 594164000 
614000 431965000 607922000 
554000 452192000 587327000 
543000 435150000 585344000 
562000 442394000 638965000 


