953000 32786000 38396000 
917000 26968000 44340000 
956000 32245000 43394000 
904000 32865000 41858000 
944000 34974000 42297000 
788000 25602000 37805000 
836000 29511000 39565000 
1019000 25508000 40677000 
742000 31696000 40036000 
1263000 29371000 46860000 
829000 35730000 42278000 
821000 26294000 44033000 
951000 37806000 48320000 
814000 37888000 44395000 
750000 27145000 40412000 
728000 32277000 43597000 
800000 29500000 46652000 
1053000 39683000 47821000 
999000 36895000 45330000 
757000 34393000 48388000 
813000 33279000 45344000 
1162000 35306000 49379000 
1126000 34394000 58552000 
1335000 49291000 60774000 
839000 39137000 46591000 
747000 31121000 48256000 
1080000 29694000 43378000 
654000 31577000 42253000 
603000 34505000 46442000 
667000 32210000 44563000 


