859000 126603000 159145000 
1472000 125409000 173123000 
1459000 122068000 152507000 
960000 154453000 161826000 
1316000 139523000 184036000 
942000 138150000 168319000 
729000 114151000 169042000 
887000 130335000 171149000 
846000 123083000 167803000 
867000 135285000 148577000 
667000 111053000 173160000 
896000 127754000 172490000 
774000 117553000 186783000 
836000 126961000 157141000 
755000 137054000 162237000 
759000 135050000 172170000 
771000 128754000 169756000 
803000 139251000 159427000 
768000 118877000 187103000 
1345000 137234000 172477000 
874000 141236000 160749000 
685000 122633000 168267000 
687000 126815000 167919000 
675000 119776000 171881000 
638000 122177000 181232000 
737000 118379000 178299000 
802000 126673000 187587000 
633000 117627000 162060000 
937000 127191000 169608000 
603000 130990000 175795000 


