6997000 3913070000 4922118000 
9036000 3796074000 4948545000 
7128000 3761448000 4892702000 
8500000 3747197000 5380565000 
9363000 4117543000 5178224000 
8221000 3900962000 5099030000 
9039000 4231846000 5137147000 
7948000 4074429000 5395600000 
8044000 4048494000 5265247000 
8307000 4142549000 5649968000 
8207000 4358591000 5522974000 
8523000 4250878000 5576467000 
8554000 4185147000 5524432000 
8165000 4176344000 5569803000 
8897000 4126540000 5293584000 
8574000 3971760000 5113261000 
7826000 3909681000 5068973000 
7329000 3798753000 5035610000 
8174000 3776278000 5074986000 
7171000 3808045000 5057252000 
8049000 3735980000 4773218000 
6640000 3810207000 4963489000 
6605000 3713529000 4784352000 
6842000 3763836000 4918359000 
6629000 3768768000 4993622000 
7647000 3730773000 4774292000 
8397000 3738004000 5043372000 
6727000 3715165000 4967208000 
7004000 3857671000 4923885000 
7658000 3771325000 5065728000 


