1367000 3587000 3197000 
884000 1774000 1967000 
769000 1537000 1947000 
794000 1502000 1951000 
747000 1447000 1863000 
732000 1537000 2001000 
750000 1661000 2126000 
844000 1551000 2054000 
746000 1818000 2139000 
1283000 2520000 3450000 
1184000 2626000 2337000 
766000 1584000 2070000 
812000 1740000 2307000 
797000 1671000 2283000 
810000 1759000 2340000 
806000 1881000 2511000 
875000 2208000 2456000 
807000 2337000 4004000 
1224000 2970000 3345000 
782000 1772000 2309000 
746000 1704000 2326000 
771000 1793000 2404000 
772000 1826000 2417000 
761000 1889000 2877000 
806000 2057000 3119000 
1229000 3206000 4115000 
738000 1833000 2465000 
701000 1787000 2485000 
664000 1696000 2224000 
675000 1714000 2835000 


