8920000 17371000 22888000 
8511000 16697000 21803000 
7939000 14207000 20357000 
8374000 14957000 19260000 
8527000 15476000 21513000 
10620000 16717000 22911000 
9731000 17421000 20627000 
8198000 14107000 19715000 
8558000 16731000 20896000 
7779000 14160000 17602000 
7141000 14096000 17986000 
7378000 15069000 19426000 
7581000 15604000 19539000 
7691000 15429000 19779000 
7710000 14068000 19181000 
8391000 14664000 18969000 
7352000 14444000 19978000 
8496000 16141000 20836000 
8124000 13830000 17641000 
7833000 14127000 17528000 
7199000 13793000 19786000 
7326000 14092000 20105000 
8677000 15133000 18945000 
7364000 14232000 18223000 
7091000 14035000 18334000 
7936000 16268000 22664000 
9027000 16632000 18850000 
6896000 13158000 18583000 
7301000 16143000 19112000 
7780000 14371000 19576000 


